120730, 120864, 124519, 124646, 134
556306, 557501, 560585, 561805, 1195
784595, 784709, 793999, 793888, 114
792305, 792475, 798999, 798829, 170
798430, 798499, 804499, 804430, 69
976910, 976999, 981565, 981477, 89
1097452, 1098449, 1101888, 1102882, 997
1453991, 1454499, 1459296, 1459807, 508
1454500, 1454608, 1459808, 1459919, 108
1456870, 1457020, 1462583, 1462733, 150
1526159, 1526757, 1535128, 1535726, 598
1715280, 1715739, 1720502, 1720961, 459
1717000, 1717151, 1722348, 1722499, 151
1961255, 1961498, 1971499, 1971253, 243
1963722, 1963999, 1970449, 1970169, 277
2062886, 2062972, 2070166, 2070252, 86
2070357, 2070499, 2075001, 2075143, 142
2496910, 2496992, 2502351, 2502433, 82
2719185, 2719409, 2726727, 2726503, 224
2720418, 2720999, 2725499, 2724916, 581
3393639, 3393723, 3397639, 3397724, 84
3559694, 3559775, 3565333, 3565415, 81
3746138, 3746390, 3756042, 3756294, 252
3807305, 3807688, 3812259, 3812642, 383
3949873, 3949999, 3955000, 3955126, 126
4203211, 4203999, 4209071, 4209861, 788
4205000, 4205079, 4210920, 4210999, 79
4298834, 4298909, 4305500, 4305575, 75
4300881, 4300999, 4307511, 4307629, 118
4302578, 4302667, 4309409, 4309499, 89
4685788, 4685999, 4690610, 4690822, 211
4687693, 4687898, 4692520, 4692732, 205
4690135, 4690426, 4694905, 4695197, 291
4863240, 4863317, 4869514, 4869591, 77
4869218, 4869499, 4875840, 4876119, 281
4873861, 4873934, 4878000, 4878073, 73
4873000, 4873132, 4882867, 4882999, 132
4874071, 4874103, 4883909, 4883942, 32
4875840, 4875999, 4881583, 4881745, 159
4876000, 4876198, 4881746, 4881945, 198
4877280, 4877499, 4883000, 4883219, 219
4877597, 4877792, 4883304, 4883499, 195
4879044, 4879914, 4884506, 4885375, 870
4919829, 4919999, 4924933, 4925103, 170
4920880, 4920996, 4926012, 4926128, 116
5562586, 5562810, 5566500, 5566724, 224
5562604, 5562830, 5572749, 5572977, 226
5563386, 5564385, 5573380, 5574388, 999
5566518, 5566723, 5572749, 5572954, 205
5580413, 5580496, 5589531, 5589614, 83
5884695, 5885026, 5889000, 5889327, 331
6056530, 6056702, 6067499, 6067327, 172
6059797, 6059999, 6069999, 6069811, 202
6372412, 6373649, 6377367, 6378604, 1237
6545454, 6545483, 6549000, 6549029, 29
7012948, 7013730, 7020002, 7020781, 782
7334321, 7334496, 7343199, 7343374, 175
7335224, 7335499, 7340831, 7341105, 275
7334508, 7335108, 7343386, 7343961, 600
7335224, 7335466, 7344057, 7344298, 242
7335500, 7336011, 7341106, 7341616, 511
7336901, 7336995, 7343869, 7343963, 94
7341763, 7341938, 7345604, 7345779, 175
7359093, 7359221, 7368500, 7368628, 128
7692595, 7692638, 7697720, 7697764, 43
7694123, 7694155, 7698558, 7698590, 32
7694003, 7694170, 7700295, 7700465, 167
7846286, 7846985, 7855337, 7856050, 699
7887713, 7887774, 7892936, 7892997, 61
7889712, 7889815, 7895052, 7895154, 103
8046230, 8046435, 8050836, 8051041, 205
8221766, 8222033, 8226778, 8227044, 267
8222678, 8222984, 8227500, 8227806, 306
8364410, 8364498, 8370718, 8370805, 88
8416847, 8416999, 8421500, 8421654, 152
8428797, 8433360, 8438255, 8442801, 4563
8433580, 8433708, 8443871, 8443999, 128
8449515, 8449542, 8455471, 8455498, 27
8537354, 8538175, 8542737, 8543558, 821
8632455, 8632499, 8638500, 8638544, 44
8653022, 8653475, 8660540, 8660999, 453
8653976, 8654301, 8661500, 8661825, 325
8874894, 8875674, 8883275, 8884064, 780
9097164, 9097229, 9104477, 9104543, 65
9099531, 9099907, 9106505, 9106881, 376
9099500, 9099585, 9110414, 9110499, 85
9100500, 9100585, 9111414, 9111499, 85
9102000, 9102086, 9112911, 9112998, 86
9104000, 9104056, 9109617, 9109673, 56
9104675, 9104883, 9115280, 9115499, 208
9106056, 9106499, 9110000, 9110439, 443
9105500, 9105756, 9116240, 9116499, 256
9107096, 9107499, 9111000, 9111403, 403
9106501, 9106764, 9117236, 9117499, 263
9110208, 9111499, 9117000, 9118294, 1291
9111705, 9112911, 9118500, 9119705, 1206
9226632, 9226921, 9231087, 9231376, 289
9243117, 9243485, 9251383, 9251751, 368
9244599, 9244999, 9248569, 9248981, 400
9387852, 9388057, 9393074, 9393279, 205
9404696, 9404995, 9410000, 9410299, 299
9432000, 9432165, 9440211, 9440376, 165
9433079, 9433222, 9441356, 9441499, 143
9436327, 9444592, 9444590, 9452855, 8265
9573427, 9574996, 9578278, 9579860, 1569
9583943, 9583999, 9590499, 9590443, 56
9604342, 9605848, 9611714, 9613215, 1506
9692213, 9692731, 9697002, 9697520, 518
9790391, 9790499, 9797845, 9797737, 108
9872444, 9872499, 9876001, 9876056, 55
10106066, 10106692, 10110898, 10111466, 626
10170178, 10170499, 10174500, 10174821, 321
10170103, 10170499, 10179000, 10179396, 396
10171005, 10171064, 10179896, 10179955, 59
10173666, 10173999, 10178253, 10178586, 333
10174425, 10174999, 10179000, 10179574, 574
10174477, 10174999, 10184000, 10184522, 522
10183284, 10183499, 10188509, 10188724, 215
10318259, 10318349, 10324636, 10324728, 90
10319000, 10319155, 10325317, 10325471, 155
10399361, 10399499, 10403000, 10403139, 138
10406180, 10406499, 10414025, 10414344, 319
10406570, 10406661, 10415019, 10415110, 91
10447291, 10447336, 10451402, 10451446, 45
10448413, 10448567, 10456587, 10456741, 154
10453373, 10453499, 10458765, 10458891, 126
10494353, 10495029, 10500293, 10500969, 676
10553748, 10553919, 10558799, 10558970, 171
10577157, 10577447, 10581533, 10581823, 290
10627326, 10627497, 10633000, 10633171, 171
10639500, 10639649, 10646358, 10646499, 149
10689334, 10689499, 10695500, 10695665, 165
10708624, 10708999, 10718344, 10717971, 375
10730463, 10730638, 10738319, 10738496, 175
10731515, 10733113, 10739397, 10740995, 1598
10752430, 10752499, 10759464, 10759395, 69
10773136, 10773326, 10780356, 10780166, 190
10822860, 10822999, 10828999, 10828860, 139
11016110, 11016227, 11020686, 11020803, 117
11054939, 11054999, 11062841, 11062781, 60
11116001, 11116145, 11120589, 11120733, 144
11122706, 11122845, 11127535, 11127674, 139
11194310, 11194560, 11198748, 11199000, 250
11306706, 11306999, 11310500, 11310793, 293
11318301, 11319206, 11327495, 11328404, 905
11328629, 11329602, 11334590, 11335560, 973
11335552, 11335887, 11341559, 11341894, 335
11352520, 11352865, 11357861, 11357516, 345
11369858, 11370129, 11376927, 11377200, 271
11370417, 11370496, 11378353, 11378432, 79
11387807, 11388240, 11393986, 11394417, 433
11408223, 11408297, 11417384, 11417310, 74
11416917, 11418127, 11423169, 11424398, 1210
11470641, 11472707, 11479853, 11481902, 2066
11472668, 11474937, 11482901, 11485174, 2269
11486703, 11488999, 11493839, 11496137, 2296
11578844, 11579093, 11586218, 11586480, 249
11593426, 11593499, 11597303, 11597376, 73
11652696, 11652949, 11657489, 11657742, 253
11664968, 11665341, 11669413, 11669786, 373
11678764, 11679075, 11683278, 11683583, 311
11678500, 11678705, 11689293, 11689499, 205
11683580, 11683849, 11689553, 11689822, 269
11694676, 11694885, 11704564, 11704774, 209
11697282, 11697454, 11702089, 11702261, 172
11703421, 11703496, 11710089, 11710164, 75
11703421, 11703502, 11712061, 11712142, 81
11705615, 11706499, 11710087, 11711609, 884
11706531, 11706928, 11711000, 11711397, 397
11793556, 11793888, 11798455, 11798134, 332
11983619, 11983685, 11987686, 11987752, 66
11983619, 11983685, 11989549, 11989615, 66
11983619, 11983685, 11991410, 11991476, 66
11983619, 11983685, 11993273, 11993339, 66
11987276, 11987499, 11991000, 11991223, 223
11989777, 11989999, 11993500, 11993722, 222
12008079, 12008159, 12013500, 12013579, 80
12019662, 12019933, 12024500, 12024773, 271
12025063, 12025165, 12033587, 12033689, 102
12033705, 12033808, 12038850, 12038953, 103
12033872, 12034440, 12039000, 12039573, 568
12187373, 12187673, 12195443, 12195744, 300
12201753, 12202407, 12208932, 12209590, 654
12243853, 12245603, 12253532, 12255282, 1750
12285532, 12285592, 12294863, 12294804, 60
12303482, 12303672, 12308551, 12308741, 190
12320062, 12320250, 12325312, 12325500, 188
12385997, 12386055, 12391909, 12391967, 58
12391912, 12392858, 12399262, 12400207, 946
12431456, 12432664, 12436066, 12437266, 1208
12478084, 12479245, 12485170, 12486328, 1161
12491764, 12492285, 12501641, 12502152, 521
12502677, 12502927, 12508145, 12508393, 250
12532367, 12532823, 12539284, 12539728, 456
12549508, 12550407, 12555023, 12555918, 899
12580261, 12580621, 12586473, 12586833, 360
12602886, 12603224, 12608494, 12608832, 338
12613306, 12614365, 12619884, 12620938, 1059
12695931, 12697874, 12702605, 12704550, 1943
12743682, 12746035, 12753544, 12755926, 2353
12747264, 12747499, 12755925, 12755693, 235
12798509, 12798613, 12806211, 12806315, 104
12853594, 12854748, 12860708, 12861861, 1154
12864043, 12864213, 12868140, 12868310, 170
12960375, 12961528, 12967313, 12968466, 1153
12982659, 12982728, 12991901, 12991971, 69
13038806, 13038999, 13045403, 13045608, 193
13087357, 13088102, 13092041, 13092787, 745
13114046, 13115819, 13122794, 13124580, 1773
13139343, 13139499, 13143000, 13143156, 156
13149589, 13149999, 13159999, 13159590, 410
13150950, 13150999, 13158625, 13158576, 49
13152111, 13152601, 13157499, 13157011, 490
13164414, 13165128, 13170095, 13170807, 714
13177182, 13177493, 13181214, 13181526, 311
13177182, 13177493, 13183248, 13183560, 311
13179428, 13180610, 13183502, 13184679, 1182
13186241, 13187876, 13192929, 13194575, 1635
13225222, 13225398, 13230323, 13230499, 176
13226464, 13226859, 13230501, 13230888, 395
13227447, 13227483, 13231500, 13231536, 36
13252505, 13252725, 13263171, 13263391, 220
13318009, 13318268, 13322899, 13323158, 259
13360108, 13360638, 13367778, 13368308, 530
13369173, 13369612, 13373666, 13374106, 439
13403171, 13404359, 13410921, 13412097, 1188
13429765, 13430608, 13435322, 13436148, 843
13440045, 13440505, 13448784, 13449243, 460
13456065, 13458081, 13465586, 13467667, 2016
13549012, 13549335, 13555468, 13555792, 323
13561768, 13562355, 13567816, 13568404, 587
13580736, 13580968, 13586670, 13586902, 232
13586905, 13586999, 13590790, 13590696, 94
13587503, 13587785, 13592327, 13592045, 282
13592610, 13592998, 13596632, 13597023, 388
13600620, 13601670, 13608374, 13609414, 1050
13606321, 13606499, 13613999, 13613821, 178
13607502, 13607819, 13612811, 13612500, 317
13612341, 13612499, 13620495, 13620653, 158
13613500, 13613988, 13623510, 13623999, 488
13621396, 13622997, 13628975, 13630576, 1601
13623740, 13623999, 13631038, 13631295, 259
13643235, 13645058, 13652937, 13654838, 1823
13653869, 13654859, 13662821, 13663811, 990
13657605, 13657684, 13661922, 13662001, 79
13657500, 13657604, 13668162, 13668267, 104
13662369, 13662816, 13672499, 13672064, 447
13663791, 13663872, 13668262, 13668343, 81
13663514, 13663792, 13674499, 13674224, 278
13673734, 13673930, 13681793, 13681990, 196
13675000, 13675158, 13680299, 13680457, 158
13681793, 13681989, 13686477, 13686281, 196
13681805, 13681989, 13689499, 13689315, 184
13685689, 13685981, 13690707, 13690999, 292
13685691, 13685999, 13691682, 13691991, 308
13685689, 13686483, 13692187, 13692982, 794
13685699, 13686496, 13693500, 13694297, 797
13685707, 13686499, 13694500, 13695292, 792
13685715, 13687423, 13695500, 13696723, 1708
13688266, 13688999, 13693033, 13693766, 733
13689503, 13690499, 13694270, 13695266, 996
13690500, 13691936, 13695267, 13696723, 1436
13691592, 13692451, 13700502, 13701381, 859
13693033, 13693753, 13700660, 13701381, 720
13694000, 13694873, 13699624, 13701381, 873
13695000, 13696244, 13700139, 13701381, 1244
13695666, 13696447, 13705501, 13706281, 781
13696996, 13697499, 13701436, 13701940, 503
13696774, 13697303, 13704242, 13704770, 529
13701638, 13703998, 13711503, 13713867, 2360
13704000, 13704670, 13708828, 13710995, 670
13704000, 13704770, 13711339, 13712115, 770
13715174, 13718256, 13725000, 13726058, 3082
13718518, 13718997, 13726815, 13727297, 479
13719000, 13719939, 13723551, 13724944, 939
13721729, 13722424, 13727500, 13728195, 695
13726109, 13726499, 13730603, 13730994, 390
13726109, 13726350, 13735587, 13735828, 241
13726505, 13727499, 13731000, 13732499, 994
13726506, 13727499, 13732500, 13733493, 993
13726514, 13727499, 13733500, 13734993, 985
13726514, 13727848, 13735000, 13735828, 1334
13728504, 13729499, 13733000, 13733976, 995
13728921, 13729017, 13738001, 13738097, 96
13730016, 13730845, 13735000, 13735828, 829
13731919, 13732024, 13738001, 13738106, 105
13734217, 13735828, 13744551, 13746168, 1611
13736500, 13737390, 13746262, 13747157, 890
13744549, 13744999, 13748545, 13748994, 450
13744549, 13744999, 13751059, 13751510, 450
13744549, 13744999, 13752816, 13753267, 450
13744751, 13745493, 13754500, 13755237, 742
13745733, 13746499, 13753006, 13754258, 766
13745751, 13746499, 13754505, 13755247, 748
13747489, 13747999, 13751504, 13752011, 510
13747234, 13747999, 13752500, 13753263, 765
13747249, 13748496, 13754502, 13755743, 1247
13748274, 13749720, 13757545, 13759494, 1446
13750250, 13751497, 13754500, 13755743, 1247
13750534, 13751498, 13760263, 13761224, 964
13753032, 13753989, 13757545, 13758499, 957
13753011, 13753999, 13759000, 13759985, 988
13753023, 13753999, 13760002, 13760975, 976
13753031, 13753999, 13761000, 13761965, 968
13753055, 13754997, 13762500, 13764440, 1942
13757545, 13757999, 13761991, 13762445, 454
13759053, 13759999, 13763500, 13764446, 946
13759063, 13759999, 13764500, 13765439, 936
13759070, 13760050, 13765500, 13766488, 980
13766540, 13766999, 13771082, 13771542, 459
13766540, 13766999, 13772090, 13772554, 459
13766555, 13766998, 13774122, 13774571, 443
13766540, 13777448, 13775621, 13785542, 10908
13777500, 13778438, 13782052, 13784499, 938
13777500, 13779471, 13784581, 13785542, 1971
13778645, 13779498, 13786031, 13786885, 853
13778645, 13779499, 13787024, 13787879, 854
13779500, 13780992, 13784054, 13785542, 1492
13780002, 13780657, 13790346, 13790999, 655
13783000, 13783999, 13790305, 13791794, 999
13784001, 13784999, 13790295, 13791783, 998
13785593, 13785999, 13789554, 13789959, 406
13785593, 13785999, 13793492, 13793896, 406
13787024, 13787999, 13791500, 13792453, 975
13787067, 13787999, 13793000, 13793910, 932
13787096, 13787999, 13794000, 13794882, 903
13787135, 13787999, 13795500, 13796361, 864
13787139, 13788497, 13797000, 13798362, 1358
13788577, 13789482, 13793500, 13794411, 905
13788606, 13789499, 13794500, 13795889, 893
13788628, 13789988, 13797500, 13798866, 1360
13790252, 13790993, 13796146, 13796886, 741
13790252, 13790999, 13798133, 13798875, 747
13791502, 13791985, 13800913, 13800430, 483
13791677, 13791921, 13801244, 13801000, 244
13801242, 13801499, 13808006, 13808263, 257
13800500, 13801244, 13810784, 13811530, 744
13802000, 13802496, 13808779, 13809275, 496
13809275, 13809499, 13813186, 13813407, 224
13809275, 13809499, 13814699, 13814919, 224
13809275, 13809486, 13816220, 13816429, 211
13810324, 13810946, 13815372, 13816426, 622
13821679, 13823341, 13828783, 13830444, 1662
13834892, 13834994, 13840912, 13841014, 102
13834892, 13835390, 13844237, 13844732, 498
13836538, 13836661, 13843370, 13843493, 123
13836500, 13837499, 13844845, 13846344, 999
13836637, 13837210, 13846500, 13847072, 573
13838564, 13838687, 13843370, 13843493, 123
13838177, 13838999, 13845000, 13845822, 822
13838260, 13838999, 13847133, 13847868, 739
13840500, 13841060, 13845841, 13846401, 560
13840500, 13841060, 13849433, 13850999, 560
13843370, 13843499, 13847437, 13847566, 129
13843370, 13843493, 13849005, 13849128, 123
13843370, 13843499, 13852339, 13852468, 129
13844000, 13844732, 13850116, 13850853, 732
13844001, 13844536, 13851135, 13851673, 535
13844793, 13845499, 13852756, 13853464, 706
13844793, 13846076, 13854790, 13855568, 1283
13859113, 13860751, 13869000, 13870625, 1638
13884153, 13884881, 13893506, 13894234, 728
13925097, 13925465, 13932244, 13932612, 368
13925637, 13926706, 13932710, 13933769, 1069
13940068, 13940107, 13946460, 13946499, 39
13941514, 13941984, 13946000, 13946448, 470
13966364, 13966499, 13973610, 13973745, 135
13993595, 13993797, 14000229, 14000431, 202
14000093, 14000381, 14006487, 14006200, 288
14006920, 14008075, 14012808, 14013961, 1155
14073144, 14074775, 14080333, 14081962, 1631
14159683, 14160829, 14164453, 14165585, 1146
14172242, 14172498, 14176581, 14176324, 256
14182726, 14183499, 14187000, 14187776, 773
14182860, 14183331, 14189474, 14189000, 471
14184643, 14185120, 14189475, 14189000, 477
14184500, 14185499, 14190998, 14190019, 999
14185398, 14185496, 14191598, 14191500, 98
14192868, 14194791, 14203277, 14205199, 1923
14195746, 14195857, 14204566, 14204680, 111
14205275, 14205497, 14210082, 14210304, 222
14208500, 14208951, 14217852, 14218306, 451
14218431, 14218678, 14225000, 14225246, 247
14219500, 14220451, 14224043, 14225246, 951
14245159, 14245436, 14255151, 14255428, 277
14294410, 14295561, 14300832, 14302006, 1151
14298699, 14298999, 14305983, 14305684, 300
14299000, 14299232, 14305882, 14305650, 232
14313988, 14314082, 14319314, 14319406, 94
14329877, 14329997, 14334015, 14334135, 120
14356354, 14356543, 14362154, 14362344, 189
14406072, 14406699, 14414862, 14415489, 627
14411398, 14411462, 14416500, 14416565, 64
14413738, 14413999, 14422999, 14422739, 261
14415220, 14415499, 14421471, 14421192, 279
14414500, 14414735, 14422238, 14422000, 235
14415700, 14416499, 14420998, 14420199, 799
14545529, 14545736, 14556292, 14556499, 207
14549072, 14550112, 14553585, 14554630, 1040
14563694, 14563893, 14572963, 14573162, 199
14579217, 14579706, 14583596, 14584084, 489
14616107, 14616831, 14622484, 14623208, 724
14671140, 14671428, 14675567, 14675855, 288
14703403, 14704301, 14709516, 14710412, 898
14729385, 14729773, 14734214, 14734604, 388
14793873, 14795380, 14803451, 14804948, 1507
14804718, 14804999, 14808513, 14808795, 281
14804500, 14804763, 14814236, 14814499, 263
14808513, 14808558, 14814454, 14814499, 45
14860994, 14861242, 14865940, 14866189, 248
14890971, 14891163, 14899847, 14900039, 192
14956932, 14956979, 14962297, 14962344, 47
14977851, 14979523, 14985191, 14986928, 1672
15037642, 15038834, 15043372, 15044567, 1192
15108165, 15108950, 15116722, 15117492, 785
15139585, 15140041, 15146810, 15147266, 456
15299628, 15299856, 15307039, 15307267, 228
15377091, 15377504, 15381794, 15382209, 413
15410370, 15410499, 15416732, 15416865, 129
15410457, 15410499, 15418211, 15418254, 42
15410370, 15410708, 15419532, 15419870, 338
15411738, 15412499, 15416637, 15417386, 761
15411633, 15411936, 15417878, 15418182, 303
15411803, 15412176, 15419502, 15419868, 373
15413083, 15413194, 15417882, 15417993, 111
15413000, 15413194, 15419253, 15419447, 194
15467042, 15467499, 15471000, 15471470, 457
15469325, 15469492, 15475500, 15475667, 167
15540529, 15541101, 15548678, 15549243, 572
15574765, 15575846, 15584386, 15585467, 1081
15591668, 15592177, 15600313, 15600821, 509
15621872, 15622034, 15626691, 15626853, 162
15670064, 15670147, 15674701, 15674784, 83
15711475, 15713229, 15720935, 15722693, 1754
15746641, 15747106, 15751112, 15751576, 465
15768785, 15768946, 15773585, 15773746, 161
15835754, 15835992, 15840499, 15840261, 238
15848718, 15849064, 15853538, 15853865, 346
15919043, 15919227, 15923889, 15924073, 184
15984326, 15984499, 15988000, 15988173, 173
15996367, 15996499, 16000000, 16000132, 132
16055952, 16056037, 16060121, 16060206, 85
16206764, 16206976, 16214835, 16215047, 212
16333757, 16334922, 16340867, 16342026, 1165
16344001, 16344110, 16350507, 16350619, 109
16396942, 16398999, 16401960, 16404013, 2057
16399553, 16399796, 16404500, 16404743, 243
16499637, 16499705, 16504237, 16504305, 68
16691858, 16692591, 16696862, 16697595, 733
16714932, 16715552, 16719197, 16719793, 620
16725140, 16725497, 16730500, 16730857, 357
16725500, 16725637, 16730860, 16730997, 137
16728941, 16728977, 16733045, 16733081, 36
16777001, 16777053, 16783445, 16783497, 52
16778000, 16778032, 16784464, 16784496, 32
16809186, 16809417, 16813920, 16814151, 231
16885888, 16885987, 16891636, 16891737, 99
16885882, 16885965, 16894154, 16894237, 83
16957464, 16957956, 16962237, 16962730, 492
16990086, 16990214, 17000870, 17000999, 128
17171826, 17171914, 17175501, 17175591, 88
17251005, 17251171, 17256332, 17256494, 166
17252000, 17252188, 17257311, 17257499, 188
17253218, 17253999, 17258551, 17259334, 781
17254000, 17254144, 17259335, 17259479, 144
17363076, 17363231, 17368000, 17368157, 155
17447741, 17447784, 17452002, 17452045, 43
17608304, 17608932, 17614146, 17614771, 628
17610500, 17610936, 17616250, 17616693, 436
17668000, 17668316, 17675591, 17675907, 316
17669772, 17669943, 17677511, 17677682, 171
17670743, 17671999, 17678530, 17679793, 1256
17672000, 17672189, 17679794, 17679986, 189
17673206, 17673503, 17681000, 17681297, 297
17732790, 17733351, 17742438, 17742978, 561
17879923, 17879991, 17888527, 17888595, 68
17880912, 17880999, 17889500, 17889587, 87
17882854, 17882991, 17891502, 17891639, 137
17978752, 17979255, 17983444, 17983947, 503
18055268, 18055499, 18059131, 18059362, 231
18109650, 18109744, 18113906, 18113812, 94
18201467, 18201725, 18208764, 18209021, 258
18202394, 18202920, 18209543, 18210070, 526
18354307, 18354368, 18360000, 18360058, 61
18394860, 18394941, 18398752, 18398833, 81
18608461, 18608647, 18614501, 18614688, 186
18734247, 18734408, 18739230, 18739391, 161
18791151, 18791503, 18795735, 18796087, 352
19055904, 19055998, 19063000, 19063094, 94
19085459, 19085499, 19090572, 19090612, 40
19152153, 19152876, 19157236, 19157964, 723
19153840, 19157242, 19159000, 19162371, 3402
19612243, 19612488, 19616148, 19616391, 245
19856097, 19856143, 19860274, 19860320, 46
20200921, 20200979, 20208476, 20208418, 58
20304945, 20305286, 20309826, 20310166, 341
20426128, 20426496, 20435500, 20435868, 368
20460486, 20460999, 20470989, 20470476, 513
20461976, 20462499, 20469499, 20468976, 523
20462976, 20463499, 20468499, 20467976, 523
20482001, 20483048, 20487680, 20488732, 1047
20485408, 20485490, 20489000, 20489082, 82
20653242, 20653297, 20660135, 20660190, 55
21263790, 21263995, 21268477, 21268682, 205
21264085, 21264189, 21271759, 21271863, 104
21267846, 21267907, 21277326, 21277265, 61
21485046, 21485393, 21491628, 21491975, 347
21565266, 21565299, 21569075, 21569108, 33
21589536, 21589600, 21596268, 21596331, 64
21589536, 21589592, 21598498, 21598553, 56
21596275, 21596338, 21605400, 21605463, 63
21770009, 21770162, 21775924, 21776077, 153
21783000, 21783238, 21793643, 21793881, 238
21875867, 21875905, 21885506, 21885544, 38
21877500, 21877588, 21882305, 21882393, 88
21877501, 21877588, 21886432, 21886519, 87
21923111, 21923412, 21929731, 21930035, 301
22030995, 22031071, 22036752, 22036828, 76
22053524, 22053694, 22064499, 22064329, 170
22059534, 22059973, 22063889, 22064328, 439
22064329, 22064996, 22070290, 22070948, 667
22174605, 22174868, 22179000, 22179276, 263
22175776, 22176465, 22180062, 22180773, 689
22232172, 22232415, 22236558, 22236801, 243
22237228, 22238121, 22241572, 22242465, 893
22382841, 22384113, 22390238, 22391510, 1272
22385239, 22385830, 22389649, 22390240, 591
22513589, 22513729, 22521076, 22521215, 140
22541390, 22541547, 22551474, 22551630, 157
22578780, 22578954, 22582710, 22582882, 174
22695565, 22696004, 22700081, 22700520, 439
23026837, 23026883, 23030819, 23030864, 46
23100312, 23100528, 23104637, 23104852, 216
23108856, 23108999, 23115858, 23115715, 143
23389956, 23390251, 23396204, 23396499, 295
